589 337
1931 1988
449 191
3 5
970 1684
419 293
625 1655
719 979
1131 832
1793 259
568 624
483 847
64 1036
1307 22
734 987
666 899
1319 1311
296 512
1842 1688
1382 728
1958 484
910 281
1067 1271
1503 601
381 1518
186 312
1795 386
1543 480
456 404
362 303
568 253
1870 1775
737 280
77 469
1267 311
432 256
101 103
1700 294
360 1849
228 1947
1885 880
1358 1341
1226 320
1420 757
81 1635
1494 1564
663 1533
1046 520
317 597
1224 1901
1317 1585
1878 843
1853 638
1395 1964
1792 668
177 1564
511 864
674 1877
795 845
1771 1164
724 1448
819 511
543 31
881 961
880 1454
9 896
1934 746
346 914
299 595
149 151
1335 940
368 1567
816 1752
1226 1047
394 63
1258 281
253 178
1234 183
862 1851
661 364
1844 271
184 1136
983 45
1766 1090
1141 103
123 1453
698 1643
258 656
242 886
1833 1971
218 242
1356 122
33 1538
1509 721
1940 1409
529 722
1679 636
506 1210
282 1546
599 830
225 1436
1543 752
226 1288
281 283
560 1327
739 1353
1846 1111
519 1114
555 167
495 1279
366 100
1429 1627
47 769
972 1848
1331 1064
42 1565
988 212
1797 528
464 973
1090 1809
623 1203
635 925
113 489
1462 1521
61 1939
433 280
1844 672
1629 1805
1619 644
647 521
475 1810
1137 473
713 396
1228 440
1677 1393
1956 510
1637 1276
1282 897
632 585
1456 667
773 1723
1105 1657
720 1562
2 998
1301 1921
1695 39
1667 1215
1891 657
851 644
1096 1808
312 1972
1503 955
1084 605
1416 1695
1311 1025
797 893
779 1158
258 1752
1530 618
1662 160
1554 1695
996 260
288 1697
615 1570
1794 793
979 1366
1440 782
1259 1400
461 463
1254 1749
438 61
1237 1204
1679 1373
777 1918
1841 490
1182 1181
1208 1778
1222 392
1093 1502
1492 1656
1200 1336
1131 950
705 826
1689 1739
1015 182
1410 1963
795 1642
1313 72
1733 47
665 295
1 514
438 1265
1028 197
775 432
1090 166
170 310
641 1672
1146 1021
1353 55
724 482
1030 1244
1168 820
1364 916
1688 682
176 1237
168 1540
1511 1037
122 529
751 1724
1732 50
1606 194
450 406
251 87
384 460
1517 1363
395 1326
1141 79
1571 1
1788 555
360 1794
1744 1302
228 1144
1204 1423
1624 1780
1310 1837
757 328
1128 488
57 1587
392 1730
751 1046
10 877
524 129
1905 269
599 601
1939 523
1265 599
196 1056
1280 1666
1512 915
258 697
757 32
1280 959
1541 685
285 160
579 1101
531 1119
322 1970
112 1598
70 858
118 1297
1842 814
1990 202
1833 1044
1527 1131
1127 1383
1365 983
1491 920
674 1084
50 1013
681 131
1634 412
1693 1552
965 1519
539 31
660 633
1075 958
840 1433
263 625
1524 1855
561 749
177 1268
1476 1827
927 1691
1486 568
1124 1505
1871 1211
694 598
1844 851
1905 116
1093 1720
1437 393
121 1235
1082 421
867 787
1873 1789
319 1677
396 1790
1082 1238
1022 776
1824 1961
849 255
1555 718
390 696
1604 1197
1904 528
1646 95
1700 923
1615 36
1980 159
970 1246
1031 1075
1624 1307
905 1907
596 1415
754 204
961 1426
313 1672
75 1964
64 781
1114 713
558 1333
1930 354
1082 953
1340 35
447 1167
1825 1613
1854 1919
1481 24
1106 1352
942 1228
1025 761
581 1889
1096 1508
671 963
515 549
664 828
864 864
164 58
1458 1314
737 171
659 661
1412 1140
1832 1773
1568 53
1309 1318
1132 610
1730 487
123 1826
1681 1921
1936 332
26 428
130 1216
1063 1167
409 1928
1366 1491
532 1130
1795 1431
1610 595
131 602
651 1527
931 688
8 528
669 1143
1966 1586
1040 1365
1976 194
131 1352
559 1245
1986 847
648 1167
675 1759
156 1303
1177 1009
1795 370
1755 433
154 1016
1773 1560
1667 1441
1279 401
152 1087
139 1047
681 1512
1196 384
431 1896
1501 1559
1766 991
1268 433
954 1011
1995 403
1036 736
1036 1160
1616 211
494 1403
72 1849
92 1697
1409 841
953 501
997 995
351 843
1395 1951
270 1075
1279 1047
1513 1501
1029 90
1677 1469
1019 1021
1361 1007
742 1618
1070 743
1422 1899
494 1423
1492 1051
1745 360
621 1951
1906 655
1414 1055
1865 899
1088 1132
545 996
1438 1417
880 1499
988 1902
426 589
1970 731
1839 754
208 899
464 357
1888 1309
57 982
399 1207
1509 869
1337 1600
1253 1409
817 264
1409 1548
695 850
1662 514
1541 725
1637 1145
1066 191
44 1253
1415 723
1301 378
894 662
178 331
1150 644
670 1407
946 1261
1677 1853
1443 1268
1156 1726
719 1227
572 1098
884 1060
666 1998
1272 482
956 742
1111 972
48 1773
650 1735
750 1754
1527 773
1268 32
913 83
1963 192
605 1787
558 1250
783 361
371 521
952 1301
1301 1303
1108 1490
418 1810
24 1391
994 1581
260 1652
1430 800
1632 1925
627 1524
1638 963
931 1674
623 1804
962 534
1284 1248
780 1904
158 654
428 1754
590 1894
183 911
1773 346
1000 1666
605 135
697 1960
807 1080
1252 1664
566 358
614 986
837 1377
1591 1099
768 1806
314 77
907 1723
1300 615
634 527
592 511
399 1315
701 1469
637 634
792 1157
659 1536
1475 832
7 421
896 1183
1276 534
634 1831
1683 47
757 1920
262 773
420 381
41 354
896 1253
1212 1002
343 122
891 1864
167 833
560 399
740 1491
1835 1251
1862 1554
1876 1470
1635 759
824 790
1180 489
778 304
1351 1495
1698 1883
1178 1949
720 1859
123 359
1907 521
1504 223
625 1440
1065 716
638 1681
1731 1037
161 1082
1503 528
325 1980
1163 1219
951 628
506 479
311 1000
961 1942
1539 1290
1522 1614
688 211
391 1011
680 1308
1917 939
788 1025
352 789
620 1648
48 1684
769 551
1565 1670
186 1630
1981 1085
1334 670
1996 1954
1151 1153
487 1949
1404 1488
1625 1096
827 1163
1317 298
1982 1420
1996 157
686 782
1748 1442
521 121
1504 1532
1656 1892
604 728
1845 212
1081 85
647 83
262 34
1842 1984
456 1037
491 1100
745 511
1133 1186
596 925
969 873
443 311
1745 1701
395 1806
1822 960
350 1929
77 1320
1140 1161
1256 414
634 414
371 1463
1883 542
561 1114
1336 501
1663 1607
188 1311
860 59
465 457
192 471
1911 95
1502 503
226 1593
463 705
792 1028
277 562
1539 351
1050 1418
335 2
1409 225
788 282
1843 538
1694 1960
1701 1918
1868 97
986 1972
837 28
1517 1402
1904 1385
1082 1513
1089 388
1232 1110
898 557
1012 174
660 1805
1163 495
1950 1179
148 43
1676 182
1525 1062
466 376
772 1139
1890 878
548 327
1099 1518
109 342
342 676
427 110
670 1873
504 1465
813 1532
1346 911
1431 597
1555 850
46 1730
1010 864
1418 1440
1292 1901
1623 743
208 370
1260 146
55 466
1242 416
380 750
1884 868
1787 1789
1810 1076
274 1287
233 511
828 1039
98 1136
1329 1197
666 1554
1442 630
742 821
1662 1665
1995 293
1422 1331
726 564
315 364
246 696
686 1013
1944 1026
1282 1254
1039 1928
1591 1231
821 340
1966 1174
1056 1652
1535 848
747 173
1615 1368
1669 1190
1583 725
1700 1209
1615 1821
1690 18
940 1889
1713 1811
124 1560
1195 1195
1007 1989
527 237
825 1238
968 1738
987 1821
322 1344
1932 464
1620 1218
1192 635
292 478
1188 249
178 1924
451 1242
787 1207
1880 1068
1299 963
1295 1518
1810 1129
1605 815
517 1703
693 910
1135 55
1952 297
1834 436
1602 1854
1007 1509
167 1455
1485 1509
1918 395
86 734
799 1911
76 1772
982 226
1651 1320
130 16
1156 250
1446 221
717 937
58 1052
1448 1509
1835 1249
134 1986
459 1007
88 526
541 1497
254 1806
119 1466
391 961
1840 1056
295 1742
1478 874
262 850
1808 1873
1183 1520
1356 1082
1425 1355
678 958
144 4
170 1149
443 1564
8 1485
1809 1461
159 1823
1876 276
201 1127
240 1336
1811 561
957 1845
205 1720
1510 1027
809 1191
1663 1039
489 216
148 1225
729 477
1102 53
1222 1250
335 1826
129 36
701 1859
1592 303
426 254
1838 473
1187 1028
1142 1939
1248 1722
129 1392
1121 335
758 992
449 733
127 19
359 1469
314 307
1678 742
956 1234
4 774
1437 492
875 25
733 1427
1820 1924
1504 152
808 39
1235 1203
1565 566
695 371
855 995
1569 1993
1418 959
215 1379
889 1635
8 214
1549 700
372 607
1837 384
1461 915
309 584
1276 16
204 17
736 1565
1729 805
1379 852
1946 1375
1419 1690
770 1808
149 1107
1546 1034
1773 1252
662 1927
1174 1090
1498 1044
846 766
1213 255
927 1200
312 1608
1519 1145
461 215
901 1756
1636 1301
468 932
783 883
106 1824
1167 303
1237 1252
1951 1743
1259 1248
1343 1214
809 1736
659 495
1328 606
584 979
1087 1588
1770 1942
954 1109
1023 510
760 1551
468 388
898 1514
1913 381
73 749
1266 563
545 713
663 1734
789 441
1105 1212
258 606
1497 264
1111 1843
268 1244
1881 1358
652 2000
854 1659
1667 382
519 1338
1970 349
1307 364
1179 1713
87 918
848 520
247 1107
1499 559
624 1775
1670 751
1828 498
437 977
590 234
1300 374
1011 1162
1524 789
554 1627
1679 1781
1030 1527
310 1199
935 379
670 1059
620 1753
1716 1537
544 786
1861 327
641 490
1933 1504
1230 52
894 917
867 577
140 283
1832 1892
1777 1947
554 1363
1781 1142
1844 1105
744 951
280 1917
1893 586
1203 541
517 1200
1329 137
1456 1777
1509 860
1934 789
405 1223
369 852
173 1282
1166 14
1994 1511
229 292
884 193
1742 625
916 1685
1007 1916
170 1453
7 1348
819 772
1294 265
1520 1003
388 1717
1130 740
910 1349
718 929
1410 524
1675 847
27 1152
1516 384
1719 573
1579 314
747 1561
918 1933
770 442
352 378
308 1039
244 390
948 1139
1276 1180
864 1486
1402 385
892 1901
1349 798
593 79
424 529
1951 264
789 1693
1492 1116
1578 1876
112 347
1688 1301
1940 309
272 549
774 1035
678 392
1449 57
1758 1165
1058 1129
1276 893
165 543
313 1415
1430 884
54 425
114 302
1990 81
588 781
935 952
839 293
1139 959
531 618
1400 1266
1581 785
695 423
1642 466
778 687
763 1506
1931 1933
1523 1412
1790 1651
1026 728
874 1158
1908 797
808 1538
1530 1160
221 533
399 1384
561 1011
752 1532
512 692
1387 262
219 841
1908 729
1321 520
1209 1040
40 375
67 338
1339 1268
1194 24
528 1009
358 1445
1892 1224
403 1626
1735 463
353 1772
1949 1951
257 707
718 473
843 1185
