226533 810581
7347 143774
700885 262465
98568 283353
203035 415327
147725 94186
809844 207393
998789 778322
820683 332336
412247 1000527
503947 81811
587617 206663
443976 992746
654407 521881
798589 754384
542609 308534
628812 635407
577884 834872
941840 862270
967679 119188
1002737 81374
843088 604512
953584 66119
876749 236329
942508 1035797
253466 786173
655719 761148
270018 938388
551801 220147
1015149 399823
186798 208269
101792 603929
448088 890124
389528 110338
1041285 944858
516090 999710
216763 497490
112321 1006073
865105 816335
827122 927343
1004893 630072
345759 178040
165230 113929
869099 980031
159249 735749
15646 264268
941156 860600
46642 827147
525228 96234
732260 466800
574280 184693
286392 919277
910316 595511
329004 92466
593609 291313
585072 334624
780006 384591
444779 354928
1025772 272763
837648 902885
711481 381966
521365 561253
690914 658631
887626 981041
689639 744093
361579 959765
492443 33213
545451 366466
149796 479473
166579 250871
866129 922500
353313 665578
351704 808950
433884 686557
768473 1013114
387627 240862
347412 898010
142267 978909
157228 170487
306117 123740
47074 714742
79 267490
69443 903711
209809 615347
198430 795381
786106 200505
962252 51754
694255 57328
112922 619304
501658 366691
468160 706167
874079 808185
94163 666085
485794 691984
816379 899579
599022 297074
530234 827118
927945 466563
98520 680098
533121 85890
708913 285070
639605 1037028
174940 115238
452828 762930
294091 323272
405448 378928
862186 818703
493719 285338
809828 624606
571158 832558
493715 653573
775761 319537
145502 1004580
671065 705453
113427 365716
990313 737907
557875 244430
715023 973446
491160 301530
658745 95367
222993 1042233
382561 622518
10933 743257
260738 691243
435375 109968
840166 693786
1010050 526432
551662 92664
988366 144847
1038670 853123
195596 725337
420003 508367
109363 619926
66771 685157
620611 115923
818440 557523
381496 116630
79355 731314
332511 266648
93619 396565
604239 545056
952271 1006948
21541 686666
961330 55382
401046 166352
417597 628589
1021958 1023491
141933 710680
238699 604285
744219 317904
269978 593419
380011 302770
507842 461365
466250 406303
457542 447105
812213 25564
683921 512259
746361 312293
977568 561736
302433 231786
290244 224026
600065 75421
77811 404449
1030606 107919
791474 219247
1022680 978741
983234 447453
693670 383496
941496 881279
343459 314608
790987 864138
639639 891394
678191 749763
41081 267505
545313 896496
612570 865634
710323 647311
816798 675526
583829 164482
685402 257985
275654 437843
174154 923102
986154 191168
453673 911856
745009 648490
650028 75075
225131 21871
457009 604351
59089 648715
197872 674282
342838 502669
779801 962819
63945 160111
700278 519369
825362 85015
538060 127630
891250 651293
310595 746756
535199 748816
707899 545888
1019988 902886
4194 660660
292522 95619
985642 756124
141436 945083
471206 674911
934869 587514
689398 431035
89694 1005912
375748 1027824
629812 36364
609703 746676
7514 265081
829161 840691
614790 534629
590805 186857
988146 266065
484210 471789
391353 784994
906635 692320
545168 893763
373295 306961
435850 962495
999176 164627
198219 326994
429092 514563
944384 862008
860165 689320
497967 456024
226845 854572
711937 461405
121783 919685
1030002 1034695
320240 603899
994231 893425
262907 769881
62795 597766
264362 185039
867568 694734
253478 155650
806259 873532
126251 277416
469254 307136
543495 1039920
884442 573697
318990 111726
645601 1018812
97207 737632
742688 584584
953884 600152
459908 308612
336390 368048
817877 483240
919147 259875
205025 170952
110637 584311
767198 648616
188656 684853
132064 789781
9029 722534
880497 161329
482149 888101
768686 110821
364697 29554
765931 700992
442898 389338
787055 270262
566480 497400
629504 58682
128519 458332
618602 586635
702594 90040
981142 780612
545117 637998
880305 293810
451270 745960
767264 76957
1015795 614240
729229 872944
169592 744085
659532 1018779
920608 447528
824481 850162
781844 684227
744469 873974
643201 182287
387026 967292
503517 351298
936119 735781
153970 998773
359683 521390
920179 1017979
372540 880916
849516 891362
437883 417247
129002 766995
177993 1025197
12897 236263
61636 873770
247688 650602
60108 625128
560191 953282
351198 18332
634585 262979
137280 711916
958483 187892
1035678 50189
198539 783538
570467 581211
467226 411196
317230 168200
510832 55203
995722 610014
783368 524356
913762 1036562
1023699 889150
391826 878888
629759 411191
321655 123474
675808 849554
428241 389117
635624 712216
449057 266218
884274 984253
818460 575193
313542 1005211
994372 171753
477099 374303
689945 355799
398514 824631
343547 698364
537581 764674
621729 55893
665342 334021
110271 15096
144096 777915
524518 323414
851517 785165
401400 1022207
250602 636038
566744 1014399
403638 877541
622541 481182
625941 92796
630532 571891
782626 497237
908219 171571
158297 439592
109752 147207
610376 710393
564868 653288
117315 876627
880020 909080
98625 129813
861011 523328
734642 386271
440721 708464
512579 46937
800654 602077
41328 398617
242095 317200
140663 114587
719310 919929
506899 796774
53241 354239
582652 913373
407122 300322
198530 265478
584695 532419
991171 601179
637518 814725
69240 17843
996423 518964
116695 265719
297978 321380
463206 866460
478071 795809
976139 366951
470689 819622
404937 85995
537659 748054
198293 436291
659191 716627
742608 428346
559367 484188
388974 283304
19199 688517
409737 527401
291169 502507
875331 311768
747674 424794
493130 678368
356408 399592
415778 128335
873579 395103
350760 801761
379711 764994
77422 177775
102380 221477
122368 123152
476106 713559
252254 836217
881528 589126
699056 266971
909826 887610
265901 131555
179219 501920
927508 912036
663874 721801
754063 877834
584526 682388
530498 814884
331438 967794
222821 486333
852622 75831
435750 1013798
843756 993264
658567 246805
1039259 517548
97594 321471
475415 991249
720263 282590
905341 55334
67999 1029884
186441 267061
827360 784503
997246 70884
728670 361431
133247 904934
1014985 563463
738468 928385
958853 867304
87756 141645
869831 1013396
248778 663730
90673 228987
683461 1035647
852126 427326
440275 178772
828589 260930
1033746 1027971
164884 316529
383461 178824
425072 581538
386674 191849
534166 916521
913230 816752
865205 469167
686782 276827
18323 246730
280500 44036
581830 180277
816112 57218
436755 186316
161903 800507
250564 711848
679178 942768
50705 881524
356418 742269
357294 707067
754049 867392
198106 837248
415664 909207
127729 190517
141664 153176
621884 505134
64940 525104
121829 697133
237009 217745
720007 907398
681252 834101
383583 55681
270470 721107
464972 669264
745044 748096
583237 998717
969795 697297
571384 1036996
692859 759731
62692 178470
516896 670366
818725 548350
288994 273703
261420 167409
989868 587438
491894 559786
953579 702547
571954 656094
682947 431864
51936 1001568
206285 694471
711754 43562
296387 19404
1017032 325547
394841 487621
583643 216608
564234 265515
609846 900929
1036802 564683
677287 69829
322029 286786
70169 338417
411565 857646
936076 493629
413234 937220
807207 30407
712359 218736
8705 1041882
793850 649410
176580 114511
441979 178335
931500 831977
34333 182079
903319 962611
932538 343171
474948 373425
183200 520209
514330 618860
241970 808455
923031 220173
893193 780911
933249 369431
119905 983245
100398 374116
257169 695045
226078 50930
920123 410896
63918 882594
947993 626777
289259 274253
194193 1019787
84973 175083
340550 479272
304712 193505
5564 126744
453354 14427
535733 384479
758150 315486
441725 652465
731532 907238
950792 374103
182199 685165
119470 867019
349500 480490
667340 965974
235235 365168
1025722 195790
923514 72116
316947 257019
583984 627567
922826 93934
332675 1011496
573029 102994
63373 390296
104740 993923
384376 50812
135194 3771
1040781 524865
546773 459233
268468 436543
546982 948508
864018 766156
324423 835577
639814 503110
95822 927614
499969 379558
977683 179813
383341 747712
959303 141763
785987 818223
680554 897009
569128 351778
403172 927672
112327 369309
154960 159858
312313 91320
259901 318825
491382 283755
790350 682851
723038 873744
75556 1032536
240864 617101
443877 327642
862133 834495
950315 294802
152251 658612
77272 42478
766515 266772
79269 72251
2524 477251
743157 31947
956485 199564
513562 214717
142310 168730
556914 360735
214944 268051
845064 489192
679192 1029181
476995 447182
910498 640859
940892 837717
534621 345278
767838 1019918
872432 913674
40617 102617
930809 604890
7838 621627
218366 561420
340881 424116
331504 68635
369778 5385
985863 1035030
931808 523455
810015 641224
566947 469351
183260 443772
285661 181544
898119 535894
943592 72403
712032 706081
693369 703090
37045 451742
955499 893474
814616 450769
332005 636165
320475 621366
497160 790581
90727 14222
1002810 375888
1035389 216202
204800 980325
478942 705685
782214 328270
978281 471132
191766 29890
158173 159634
731166 689497
285576 107664
732499 984877
351526 113157
929879 591283
1034497 947641
924925 160662
485868 1000251
888644 708564
127988 570946
821029 184497
668503 465613
846259 312989
805744 757149
351813 189202
398942 44130
514477 856038
930080 676933
164250 848044
188145 570679
1014875 778741
295745 1005191
266841 180812
876867 129856
113186 168756
392497 107954
949217 355851
842726 746714
615988 289088
482476 275556
130623 607779
89438 591
496977 794623
278632 824837
877777 221760
137731 304056
933146 696730
284250 460468
578788 292090
658017 351412
596980 395198
161543 125355
758369 57433
131440 479008
59584 185486
161162 292741
993899 49764
973563 439863
679749 72171
95753 994453
836408 107824
727445 60553
440208 937409
883390 342872
620981 664429
896727 874331
259640 561083
209174 219732
33466 603052
682767 828243
825476 173264
277758 197947
666526 528206
279689 802129
621639 1001561
13901 434949
535106 867702
852147 346423
570436 872763
571043 634627
559421 173902
954529 281912
914534 597917
614724 800134
804126 7153
470304 14713
484199 488197
318725 484943
458155 315703
275401 524866
303801 662696
618626 673434
388481 377898
723858 920165
159396 786250
533982 334716
817098 991805
110432 258872
377248 278723
839844 779364
5584 864895
307407 502649
247836 558565
1028624 625901
115560 241915
457525 141050
82905 826640
784308 780772
721182 457472
827531 333252
455183 523546
940404 101465
398956 71271
717536 10875
840337 242027
1041164 965574
179311 955316
458979 708081
951220 654343
679558 800435
998994 150358
543431 553729
333392 151581
915440 755880
876816 592399
156789 54835
223717 258383
801238 971648
176272 180848
524920 734760
1032000 186671
685736 984839
623679 539180
515933 326596
127822 628574
161672 72393
909530 715232
609372 775131
239572 309619
933870 596805
176048 451417
13049 244187
639881 125691
450404 982674
336976 842374
633480 437365
351490 131333
576949 997947
555823 861338
444538 88493
87890 539835
224369 381142
1037917 975602
486514 137369
817865 873823
937149 604821
46763 617278
751681 979396
142573 756713
959168 860357
1018328 870188
687252 142347
818490 186764
424889 276293
473501 919494
193687 526823
270671 1032178
154641 985272
109040 8633
658618 374215
173924 353683
296965 60572
401672 120424
1652 408614
311216 978134
727388 811919
605234 457500
341187 899641
645508 696055
297731 47216
336376 332958
900711 504076
223962 1026710
862832 733900
185882 266987
532332 9277
215687 299207
43196 119731
129620 130552
61376 63018
125166 888848
627688 268747
345338 720528
750677 401469
434813 589159
830016 943324
10187 438818
972115 725482
488264 719263
90277 926158
226028 524511
208145 1155
816240 827280
99377 242518
788189 528751
248810 39900
17923 840055
192202 43508
335686 93634
465254 152672
691104 279858
948447 283508
4334 242759
674346 284873
295566 733983
147827 707724
550309 4453
672673 990933
831500 251182
419858 12280
991652 72055
267214 694808
684750 161415
1022734 197493
602849 581432
475407 987586
17081 1039374
329764 908893
967666 613085
436017 923072
9030 518606
766834 54878
13415 943429
244047 847139
934318 673467
342604 149124
546757 621198
621163 1010427
628464 198148
41760 389085
1041024 401548
540474 78048
938005 397441
1016471 348385
672758 895351
491023 925719
532817 597860
234101 449840
737562 201309
108508 949563
312927 143090
716143 553478
412930 403858
28186 47601
426523 686036
1019101 789771
211856 822771
620007 519301
813562 366461
232655 992895
491087 558367
298671 1022824
514263 903757
306165 20627
724355 930697
18056 680027
154826 360572
51120 117554
330933 669825
926556 995299
737779 404669
453715 951106
467944 950654
63250 984138
846645 625715
284030 732654
851591 322596
801943 178281
357826 802211
456162 715146
514318 994836
161383 47877
151890 641319
811041 930495
395983 597254
457855 439133
998099 104515
350050 2121
436307 666857
705515 851705
403311 626855
134179 150537
276421 584724
472935 351420
470089 112564
92633 76672
888604 205319
917013 946456
673494 593984
420830 408599
245490 291507
619289 801918
485263 254824
831287 29043
3380 541415
125730 405206
872089 416968
944944 400677
56460 370302
859704 904055
505411 1029450
5166 141618
327037 22431
988225 239777
649095 164407
726854 643868
529819 276616
786781 777252
547962 327836
145163 553819
798398 193825
948150 468721
35527 334378
878931 350893
745565 760908
994082 974507
439692 513696
966516 661096
979762 782303
888343 180361
1001402 285903
727806 716894
330543 722080
29519 31757
54307 434324
186911 557602
132576 112065
1008329 92519
271539 296633
116620 117473
16913 17480
584272 226629
820540 1002584
1030670 756140
11092 757993
281640 853648
119810 92045
387844 893867
213098 329950
734961 233370
810096 737271
334685 95249
906619 757941
406981 832563
47911 807570
5445 821814
12157 688391
848750 422220
249468 649321
800522 457102
211329 707880
249761 380539
79512 967107
278708 112531
985336 874195
384827 558162
552934 988888
315653 435148
682881 350641
521089 406835
566145 192515
913824 579020
757364 987472
148562 963924
375753 80409
231905 270213
975253 720211
465217 423922
424973 18286
835021 244433
